  rest: {
    curl: 0,
    bones: {
      shoulderr_69: [-0.601125, 0.344639, 0.473359, 0.543878],
      arm_stretchr_68: [-0.534302, -0.087567, 0.131768, 0.830356],
      forearm_stretchr_67: [0, 0, 0.202977, 0.979184],
      handr_65: [-0.085144, -0.111118, 0.033092, 0.9896],
      shoulderl_38: [-0.601125, -0.344639, -0.473359, 0.543878],
      arm_stretchl_37: [-0.534302, 0.087567, -0.131768, 0.830356],
      forearm_stretchl_36: [0, 0, -0.202977, 0.979184],
      handl_34: [-0.147648, 0.128832, -0.074856, 0.977752],
    },
  },
  fold: {
    curl: 0.72,
    bones: {
      shoulderr_69: [-0.620721, 0.35585, 0.473163, 0.513997],
      arm_stretchr_68: [-0.604895, 0.10406, 0.566363, 0.550006],
      forearm_stretchr_67: [-0.323025, -0.231925, 0.492918, 0.773885],
      handr_65: [-0.183059, -0.290088, -0.134797, 0.929607],
      shoulderl_38: [-0.601773, -0.336014, -0.495946, 0.528207],
      arm_stretchl_37: [-0.701648, -0.267413, -0.380248, 0.539992],
      forearm_stretchl_36: [-0.448529, -0.28354, 0.281138, 0.799618],
      handl_34: [-0.056804, 0.198817, 0.002333, 0.978386],
    },
  },
  guard: {
    curl: 1,
    bones: {
      shoulderr_69: [-0.60147, 0.344896, 0.472197, 0.544344],
      arm_stretchr_68: [0.129413, 0.239052, 0.34946, 0.896652],
      forearm_stretchr_67: [-0.07402, 0.468172, 0.703501, 0.52955],
      handr_65: [0.251902, 0.107735, 0.166489, 0.947217],
      shoulderl_38: [-0.600578, -0.34463, -0.473056, 0.544752],
      arm_stretchl_37: [-0.464605, 0.122794, -0.079384, 0.873363],
      forearm_stretchl_36: [-0.141525, 0.138442, -0.358782, 0.912184],
      handl_34: [0.000274, -0.11058, 0.193481, 0.974852],
    },
  },
  chamber: {
    curl: 1,
    bones: {
      shoulderr_69: [-0.60123, 0.343954, 0.473898, 0.543727],
      arm_stretchr_68: [-0.20014, -0.4855, -0.249131, 0.813737],
      forearm_stretchr_67: [0.264958, -0.176729, -0.841563, 0.436276],
      handr_65: [0.126578, -0.121218, -0.478481, 0.86043],
      shoulderl_38: [-0.600578, -0.34463, -0.473056, 0.544752],
      arm_stretchl_37: [-0.464605, 0.122794, -0.079384, 0.873363],
      forearm_stretchl_36: [-0.141525, 0.138442, -0.358782, 0.912184],
      handl_34: [0.000274, -0.11058, 0.193481, 0.974852],
    },
  },
  punch: {
    curl: 1,
    bones: {
      shoulderr_69: [-0.601198, 0.345131, 0.472969, 0.543825],
      arm_stretchr_68: [-0.284004, 0.084717, 0.828097, 0.475836],
      forearm_stretchr_67: [0.108195, -0.153108, 0.101058, 0.977056],
      handr_65: [-0.000322, -0.221401, -0.000486, 0.975183],
      shoulderl_38: [-0.600578, -0.34463, -0.473056, 0.544752],
      arm_stretchl_37: [-0.464605, 0.122794, -0.079384, 0.873363],
      forearm_stretchl_36: [-0.141525, 0.138442, -0.358782, 0.912184],
      handl_34: [0.000274, -0.11058, 0.193481, 0.974852],
    },
  },

/* FIST */
  index1_basel_14: [-0.007701, -0.000452, -0.008728, 0.999932],
  index1l_13: [-0.579942, -0.057673, 0.11792, 0.804013],
  index2l_12: [-0.427524, -0.063685, 0.019948, 0.901537],
  index3l_11: [-0.405467, -0.010485, 0.023648, 0.913743],
  middle1_basel_19: [-0.000822, -0.000057, 0.050366, 0.99873],
  middle1l_18: [-0.608621, -0.050982, 0.086193, 0.787116],
  middle2l_17: [-0.537196, -0.05139, 0.003396, 0.841884],
  middle3l_16: [-0.522601, 0.019554, 0.014463, 0.85223],
  pinky1_basel_24: [-0.019668, -0.002093, 0.167443, 0.985683],
  pinky1l_23: [-0.641337, 0.03447, -0.069988, 0.763283],
  pinky2l_22: [-0.727638, 0.037826, -0.00932, 0.684855],
  pinky3l_21: [-0.608115, 0.000359, 0.009541, 0.793792],
  ring1_basel_29: [-0.01099, -0.001188, 0.098642, 0.995062],
  ring1l_28: [-0.625778, -0.029171, 0.044633, 0.778176],
  ring2l_27: [-0.59969, 0.021518, -0.037797, 0.79905],
  ring3l_26: [-0.535641, -0.087896, 0.035039, 0.839128],
  thumb1l_33: [-0.212414, 0.704286, 0.0272, 0.676847],
  thumb2l_32: [-0.595948, 0.142904, -0.101128, 0.783707],
  thumb3l_31: [-0.229762, -0.027218, 0.015287, 0.972746],
  index1_baser_45: [-0.007701, 0.000452, 0.008727, 0.999932],
  index1r_44: [-0.619402, 0.063495, -0.114887, 0.774022],
  index2r_43: [-0.465442, 0.064476, -0.017226, 0.882559],
  index3r_42: [-0.437192, 0.011302, -0.023268, 0.898996],
  middle1_baser_50: [-0.000824, 0.000058, -0.050366, 0.99873],
  middle1r_49: [-0.647199, 0.055224, -0.083539, 0.755715],
  middle2r_48: [-0.572484, 0.051494, -0.001208, 0.818297],
  middle3r_47: [-0.552098, -0.019043, -0.01514, 0.833424],
  pinky1_baser_55: [-0.019669, 0.002093, -0.167444, 0.985683],
  pinky1r_54: [-0.678691, -0.037915, 0.068184, 0.730268],
  pinky2r_53: [-0.756066, -0.038206, 0.007691, 0.653334],
  pinky3r_52: [-0.635526, -0.000016, -0.00954, 0.77202],
  ring1_baser_60: [-0.010991, 0.001188, -0.098642, 0.995062],
  ring1r_59: [-0.663887, 0.031363, -0.043122, 0.745929],
  ring2r_58: [-0.633102, -0.023099, 0.036853, 0.772845],
  ring3r_57: [-0.564673, 0.089065, -0.031944, 0.819873],
  thumb1r_64: [-0.229268, -0.703386, -0.044795, 0.671325],
  thumb2r_63: [-0.612466, -0.145017, 0.098069, 0.770868],
  thumb3r_62: [-0.24675, 0.027479, -0.014813, 0.968576],
